9814
435
1048
5704
8897
1034
7572
7982
4506
8176
2167
4559
6792
7113
9712
6590
7062
7046
1899
5566
5536
8656
1286
6892
1209
2903
2940
8422
2287
3409
1818
5792
8421
7344
2317
6929
2210
6132
7652
5828
7507
6169
4344
7183
1366
8900
4327
7495
8917
7270
951
5020
3338
1932
8295
1207
5576
7069
9981
6165
4215
8083
1810
1984
967
6019
2812
7848
4655
4607
543
5454
7055
4222
9608
6583
3041
2189
3565
9715
9602
7654
7052
7582
5260
1982
1620
9070
3934
184
5341
2424
2375
8826
6546
1670
4774
5398
2793
6246
9578
5028
5133
4006
2451
2594
2503
8611
4781
8355
3450
1332
5839
4487
7512
3276
1384
8294
4156
4896
5210
4661
6186
5155
2379
9587
6365
848
6561
9700
9450
2365
6455
6016
7636
8414
7683
3967
9434
3671
6605
3426
8442
8839
2949
9936
5674
5736
6109
6291
7359
7019
7526
4243
1780
1351
3164
3681
2804
3699
8703
7836
761
8609
699
8931
135
495
7686
9679
4552
2698
5189
5268
9983
2002
8872
3430
921
7505
3614
4512
2575
2490
9236
2340
3983
4674
7221
8740
3961
7064
3244
7595
4695
6925
1691
1888
6408
8476
4787
9289
4759
7313
860
827
7351
4201
5841
5710
2518
5673
4576
1113
2197
6140
6000
2051
5140
1841
8400
2134
560
4904
7094
590
9687
8542
5737
2266
2537
631
7935
4848
4286
1933
8863
7086
8069
1464
2944
9549
3165
412
16
5481
6183
5287
3362
2243
9138
716
9458
5758
1458
6380
2284
5031
4034
5809
491
7817
7115
8603
6210
1049
8314
7675
9527
4676
1890
5184
8231
3985
5089
9001
7968
1628
1176
9177
5604
487
477
54
2965
1516
8894
3775
9493
1518
8940
9490
1729
1071
2191
9759
962
6691
6237
2630
1519
5454
7579
2927
6260
1620
1909
6293
4830
9190
5114
2265
9268
5022
8005
8533
2744
6822
4835
486
2437
4793
7727
2104
2968
7238
5546
7494
167
9458
6316
5007
5724
5026
1655
3725
2775
6592
1116
1221
9290
5765
5042
4543
8933
8530
2022
68
2991
4349
3843
5973
5928
5044
2105
7881
2007
2371
1784
6599
4010
1423
5952
339
7424
656
823
3808
1465
3462
2374
2622
8555
3666
486
4898
2453
4988
8481
4066
7649
5971
1093
6523
9971
5718
7831
9148
1260
1686
5318
9492
2804
441
2291
6362
4914
6436
3577
8066
4467
1913
4709
8955
5358
6495
7239
1426
7097
6298
6316
9800
1492
6336
3876
7044
7701
5852
5262
5220
5194
9090
9981
1729
4993
2636
25
4611
6342
5645
315
873
1831
1082
7542
2995
2377
5234
6032
7737
5804
510
4749
4447
1554
884
191
4223
9054
9155
7209
601
750
9459
986
4124
3532
1936
4657
5125
287
1866
642
1624
3970
4016
2733
1519
2490
7850
7043
2522
6834
3107
4065
7352
4832
8911
8216
2517
287
7268
4769
7918
1078
5427
5001
4640
9216
849
8419
2581
4626
9955
6250
6289
9948
487
2972
4766
7864
2809
7543
3425
1592
214
467
4457
2581
5068
6919
7866
9656
8444
6940
6076
6141
7416
8160
1543
6661
3061
7888
261
1763
8055
5299
2526
5712
5987
6644
5210
4785
8046
3472
5820
1083
3998
1614
3338
2128
5647
4144
7767
2238
7235
2300
3136
3939
6715
7069
4782
7064
542
2056
2752
1531
5460
5280
1137
3077
2105
5039
4911
6698
9212
7003
3307
6803
5240
6050
5392
9642
2175
1047
1408
7184
6633
8805
5809
2779
3098
8609
2189
3911
833
1111
2873
4393
2819
89
405
6032
1548
4371
2409
8293
6785
8419
9208
1831
8471
9567
3859
5791
5024
8979
2188
1163
7718
6560
9001
1741
3788
7143
745
7216
2001
9557
4769
8277
44
187
7528
4878
7184
2248
7238
1463
5379
5566
3117
623
6697
2204
7564
1560
4978
4060
4719
8195
1387
2535
6951
8004
8499
8336
2375
8476
9170
9768
162
5929
9053
6809
4419
5978
7577
8800
6300
3237
1731
3763
259
2272
5184
546
8092
1851
2369
746
6811
946
3820
9289
4814
1615
6728
3235
1171
359
8496
2204
3531
9867
4497
2972
7122
6400
3943
5518
23
7997
5669
9101
7497
2954
1053
8666
5888
5157
1570
3865
1884
4794
5531
4294
5533
1642
1803
7428
3682
6253
4809
6636
8291
3462
7359
5085
6491
5638
8487
4037
1182
4467
9311
6277
996
7997
9844
5414
3997
761
8826
5232
3975
874
6908
8588
486
6838
4957
8674
7141
1997
5995
9104
4322
2127
4505
9697
9227
6630
8680
8572
1931
2559
611
4725
4289
8359
1630
8242
2961
7452
5371
9514
8614
5188
523
3240
7822
1473
481
8290
1496
3415
3612
7093
473
8224
1643
6235
1915
4522
2252
8152
5161
6041
5258
2248
7133
8924
8785
219
6739
6075
7924
2663
3214
4348
444
5448
8091
1683
7073
1370
6078
7234
4581
7397
832
4
7343
7941
4719
9078
4215
7850
6594
1301
4641
6645
3924
7997
8488
6454
1125
2458
7143
1989
1824
223
6497
1767
8733
5369
5634
2140
6183
7021
1605
4098
8074
9659
4840
967
7287
3974
3682
7476
781
9858
9924
2672
6233
7974
5970
3962
3032
7144
5553
6796
4660
1659
9057
8459
9395
4662
175
6042
5073
1555
8030
473
9059
6739
4288
2370
8156
4038
2140
6658
6208
3707
7712
2873
4031
5507
8000
6935
3826
7567
7768
4891
9218
2012
1463
5468
9210
662
4176
9857
3271
4074
3564
2007
1730
3629
8912
2657
867
2818
4212
1571
163
2392
3609
7247
1336
6774
1081
6996
26
5668
706
2070
2600
8344
8470
1941
9939
4737
7142
9451
3993
4077
1991
8610
5165
5915
4534
6604
4026
2015
4956
7888
8180
3783
7213
7805
1711
2187
922
3061
353
2572
292
5337
4962
3179
4268
2488
2203
2074
7779
7875
828
5610
7728
3098
5996
7929
6701
4434
3610
2330
8463
1436
7037
9291
4544
3855
5015
7158
3741
9363
4672
9745
8767
8825
9916
2348
716
4979
4818
7463
9082
636
3658